FIFO :
[0]	缺页
[0, 7]	缺页
[0, 7, 9]	缺页
[0, 7, 9, 6]	缺页
[7, 9, 6, 5]	缺页
[9, 6, 5, 3]	缺页
[6, 5, 3, 1]	缺页
[5, 3, 1, 2]	缺页
[3, 1, 2, 7]	缺页
[1, 2, 7, 8]	缺页
[2, 7, 8, 0]	缺页
[7, 8, 0, 9]	缺页
[8, 0, 9, 2]	缺页
[0, 9, 2, 1]	缺页
[9, 2, 1, 3]	缺页
[2, 1, 3, 0]	缺页
LRU :
[0]	缺页
[0, 7]	缺页
[0, 7, 9]	缺页
[0, 7, 9, 6]	缺页
[0, 7, 6, 9]
[7, 6, 9, 5]	缺页
[6, 9, 5, 3]	缺页
[9, 5, 3, 1]	缺页
[5, 3, 1, 2]	缺页
[3, 1, 2, 7]	缺页
[1, 2, 7, 8]	缺页
[2, 7, 8, 1]
[7, 8, 1, 0]	缺页
[8, 1, 0, 9]	缺页
[1, 0, 9, 7]	缺页
[0, 9, 7, 8]	缺页
[9, 7, 8, 2]	缺页
[7, 8, 2, 1]	缺页
[7, 8, 1, 2]
[8, 1, 2, 3]	缺页
[8, 2, 3, 1]
[2, 3, 1, 0]	缺页
OPTIMAL :
[0, 7, 9, 5]	缺页
[0, 7, 9, 3]	缺页
[0, 7, 9, 1]	缺页
[0, 7, 1, 2]	缺页
[0, 7, 1, 8]	缺页
[7, 1, 8, 9]	缺页
[1, 8, 9, 2]	缺页
[1, 9, 2, 3]	缺页
[9, 2, 3, 0]	缺页
[3, 2, 3, 4, 5, 6, 7, 0, 1, 2, 3, 74, 90, 63, 97, 54, 55, 56, 30, 31, 32, 33, 34, 15, 16, 17, 18, 19, 20, 21, 22, 23, 78, 79, 80, 81, 82, 12, 13, 14, 15, 0, 1, 2, 3, 4, 5, 6, 0, 0, 0, 1, 2, 3, 4, 96, 97, 98, 99, 99, 99, 99, 99, 99, 99, 99, 99, 99, 99, 99, 99, 99, 99, 99, 99, 99, 99, 78, 79, 80, 21, 22, 23, 24, 25, 26, 18, 25, 26, 27, 28, 29, 30, 18, 19, 10, 11, 12, 5, 6][0, 0, 0, 0, 0, 0, 0, 0, 0, 0, 0, 7, 9, 6, 9, 5, 5, 5, 3, 3, 3, 3, 3, 1, 1, 1, 1, 1, 2, 2, 2, 2, 7, 7, 8, 8, 8, 1, 1, 1, 1, 0, 0, 0, 0, 0, 0, 0, 0, 0, 0, 0, 0, 0, 0, 9, 9, 9, 9, 9, 9, 9, 9, 9, 9, 9, 9, 9, 9, 9, 9, 9, 9, 9, 9, 9, 9, 7, 7, 8, 2, 2, 2, 2, 2, 2, 1, 2, 2, 2, 2, 2, 3, 1, 1, 1, 1, 1, 0, 0]