FIFO :
[0]	缺页
[0, 9]	缺页
[0, 9, 5]	缺页
[0, 9, 5, 6]	缺页
[9, 5, 6, 3]	缺页
[5, 6, 3, 0]	缺页
[6, 3, 0, 9]	缺页
[3, 0, 9, 7]	缺页
[0, 9, 7, 1]	缺页
[9, 7, 1, 8]	缺页
[7, 1, 8, 5]	缺页
[1, 8, 5, 2]	缺页
[8, 5, 2, 3]	缺页
[5, 2, 3, 6]	缺页
[2, 3, 6, 1]	缺页
[3, 6, 1, 0]	缺页
[6, 1, 0, 9]	缺页
[1, 0, 9, 8]	缺页
[0, 9, 8, 7]	缺页
[9, 8, 7, 1]	缺页
[8, 7, 1, 2]	缺页
[7, 1, 2, 6]	缺页
[1, 2, 6, 8]	缺页
[2, 6, 8, 0]	缺页
[6, 8, 0, 1]	缺页
[8, 0, 1, 2]	缺页
LRU :
[0]	缺页
[0, 9]	缺页
[0, 9, 5]	缺页
[0, 9, 5, 6]	缺页
[9, 5, 6, 0]
[5, 6, 0, 3]	缺页
[5, 6, 3, 0]
[6, 3, 0, 9]	缺页
[3, 0, 9, 7]	缺页
[0, 9, 7, 1]	缺页
[9, 7, 1, 8]	缺页
[7, 1, 8, 5]	缺页
[1, 8, 5, 2]	缺页
[8, 5, 2, 3]	缺页
[5, 2, 3, 6]	缺页
[2, 3, 6, 1]	缺页
[3, 6, 1, 0]	缺页
[6, 1, 0, 9]	缺页
[1, 0, 9, 8]	缺页
[0, 9, 8, 7]	缺页
[9, 8, 7, 1]	缺页
[8, 7, 1, 2]	缺页
[8, 7, 2, 1]
[8, 7, 1, 2]
[7, 1, 2, 6]	缺页
[1, 2, 6, 7]
[2, 6, 7, 8]	缺页
[6, 7, 8, 0]	缺页
[7, 8, 0, 1]	缺页
[8, 0, 1, 2]	缺页
[8, 0, 2, 1]
[8, 2, 1, 0]
OPTIMAL :
[0, 9, 5, 3]	缺页
[0, 5, 3, 7]	缺页
[0, 5, 3, 1]	缺页
[5, 3, 1, 8]	缺页
[3, 1, 8, 2]	缺页
[1, 8, 2, 6]	缺页
[1, 8, 2, 0]	缺页
[1, 8, 2, 9]	缺页
[1, 8, 2, 7]	缺页
[1, 8, 7, 6]	缺页
[1, 7, 6, 0]	缺页
[1, 6, 0, 2]	缺页
[8, 9, 98, 99, 99, 99, 99, 99, 99, 99, 58, 59, 60, 61, 62, 7, 8, 6, 33, 8, 9, 3, 4, 91, 92, 93, 71, 72, 73, 13, 88, 50, 51, 52, 53, 54, 55, 56, 24, 36, 37, 38, 65, 66, 19, 16, 17, 3, 1, 2, 3, 4, 5, 97, 98, 99, 83, 84, 81, 82, 83, 84, 75, 76, 19, 20, 19, 11, 12, 22, 23, 69, 70, 71, 72, 79, 80, 81, 82, 84, 85, 86, 87, 88, 3, 19, 20, 21, 22, 23, 14, 15, 3, 4, 2, 3, 1, 2, 0, 1]
[0, 0, 9, 9, 9, 9, 9, 9, 9, 9, 5, 5, 6, 6, 6, 0, 0, 0, 3, 0, 0, 0, 0, 9, 9, 9, 7, 7, 7, 1, 8, 5, 5, 5, 5, 5, 5, 5, 2, 3, 3, 3, 6, 6, 1, 1, 1, 0, 0, 0, 0, 0, 0, 9, 9, 9, 8, 8, 8, 8, 8, 8, 7, 7, 1, 2, 1, 1, 1, 2, 2, 6, 7, 7, 7, 7, 8, 8, 8, 8, 8, 8, 8, 8, 0, 1, 2, 2, 2, 2, 1, 1, 0, 0, 0, 0, 0, 0, 0, 0]
